19431,26746
32639,7589
15182,31658
25419,6278
7342,30960
20209,32247
17414,12521
6139,7959
26949,7659
16394,10883
20910,28122
19503,1482
31890,5337
23689,12625
10476,6438
24162,29907
417,24033
4729,15599
22923,30148
21877,30266
28341,9318
29745,12987
21840,3116
20946,16021
10775,4573
26904,31686
32695,13639
400,31818
18977,24089
11675,29453
30527,3070
26593,30944
27103,31322
13776,17259
28702,2885
14757,24275
12204,11734
4494,1276
14850,25441
17297,25625
30014,11433
24543,29941
25073,24943
28991,11282
16264,7899
7967,14024
10969,1792
12200,5304
346,25976
22563,29049
28862,4552
20556,8298
16286,25051
9574,31136
17724,26871
23994,14970
5536,15769
12143,30609
7945,8367
9123,24209
16266,17091
5465,27235
18883,17666
32539,19230
10874,22335
15511,6968
26887,3299
15266,10406
28350,24840
8774,13306
18943,0
28276,24480
15770,7652
22321,23715
16019,31445
15156,32285
15768,20622
26752,1883
5520,26523
21113,16394
16090,3856
23363,10210
7156,5861
20616,2738
30702,29390
16045,16877
29391,11553
8589,12393
19205,30911
3340,2456
29588,18496
1973,12588
6350,28725
14471,11870
22481,2817
28265,5803
6673,18860
16013,13829
24721,3861
16568,22655
484,32613
6765,29875
11398,15354
9500,30604
13497,12840
292,10317
31336,2266
22905,4919
30991,4609
16789,20704
7426,12286
26508,14099
31146,9753
27929,23100
13615,11729
12987,14099
11574,19752
11206,22972
2339,20706
20808,15836
778,21101
26154,32114
23367,16291
4265,21590
20900,21055
9527,28326
573,3267
9658,31720
13020,4819
22052,26635
16548,2271
7966,28122
22024,19172
18326,24363
7110,6367
7431,7888
27468,817
7235,18067
17109,11500
6889,5241
32555,16416
800,361
19683,10458
32081,32704
15277,21365
26571,31825
23636,1770
27179,12892
20942,12737
4487,28053
19104,11919
3173,13804
12736,10408
31871,29845
21909,5993
2319,21696
22409,3119
22057,9325
13577,21370
9261,28854
9967,3064
27911,836
4834,22322
13728,25777
2291,18216
21062,21396
30135,24235
2432,10103
1876,1536
7181,23785
7529,9500
12713,29938
12619,2003
6495,26196
23373,15756
22282,573
18821,17425
1409,23655
6979,15137
16664,9270
585,4958
30666,30720
29194,331
8056,31070
1867,15237
22087,9396
24737,2032
6566,4588
4035,13062
30784,27409
28818,20298
27982,14871
4955,29391
5759,11934
11760,22423
21204,12346
27382,19103
10298,23808
19434,18354
22110,21301
823,11429
30697,25560
13461,4495
30148,17497
17557,28164
12138,13608
15694,7352
28479,20649
3975,1470
32583,15735
23894,21020
28081,18508
7355,5612
9548,26789
23966,31658
15322,24790
10319,13251
17582,23780
17746,14963
8509,2536
10359,20647
16144,26054
27999,11855
13935,31974
13326,13751
14942,4452
2003,10255
22960,9358
15867,32508
3379,7066
31398,18701
31856,8949
31952,16670
32729,16930
31633,8471
19466,9225
29118,2842
2511,24350
14698,16446
23556,28024
30197,5730
32476,32200
15986,22668
8790,31853
22408,12169
6151,21038
30870,5239
29987,30054
21910,29948
14217,20775
5651,915
30000,2002
3758,32511
26352,18456
16190,17140
13712,13619
22871,13420
13052,6089
3320,21842
5174,25728
1244,11326
13998,32114
16565,11217
29401,5707
8397,10850
26483,14049
11765,23715
16051,15523
23459,9635
1211,6881
26775,14923
20500,16878
28343,784
22967,31663
22627,28142
24623,23871
6700,5853
23217,23265
17070,19850
28973,25468
30700,22688
6749,9698
13635,22800
25221,4326
32435,26433
11207,26442
8588,31708
10553,4164
32492,752
3059,22351
28894,27683
13454,2826
768,3904
26092,17839
23754,22297
10539,21687
12217,17288
31385,25852
7320,23838
30179,6987
17503,8618
661,26092
7558,11214
30256,7283
11967,547
29634,8093
28230,10321
10920,28999
14225,4244
14070,5211
26541,24609
26898,5990
9129,25515
31842,16449
16586,29253
23436,1321
5104,24097
27413,12662
2544,24901
19945,14511
25449,16812
22604,20911
27133,756
17142,8590
5000,31212
13801,31541
23053,7932
4763,32182
679,3838
15863,17265
323,6531
18587,5427
30629,13232
18090,405
5366,5267
14916,30815
22079,4752
18958,16444
5509,3333
25034,10509
1777,6068
9283,24831
14000,14046
24245,14679
17884,7341
31945,18208
13872,17764
23635,11733
30996,8957
12138,3594
14225,27054
1641,3536
31807,20600
19981,4548
23933,12247
15057,25710
18315,24340
17773,32315
5619,9251
14227,23503
16592,13404
8943,30464
31168,32579
9430,29396
8768,21568
223,22993
15855,1864
26530,14894
22464,13743
19442,13629
25990,1731
6572,11538
26072,24345
11085,31691
828,25312
22426,17420
5948,31370
15117,4348
31181,24547
977,7181
13347,1200
30175,29202
3064,23937
11328,25529
4912,30770
6390,30902
32502,12962
9672,25806
4540,20758
24729,5368
13302,14387
22789,19251
12989,5138
23599,11402
29685,24576
18584,10264
25776,15991
6699,28841
7160,18027
21602,12072
16030,27992
10206,15764
8187,19879
8802,12727
7869,763
18095,21171
15150,8116
7654,28140
13254,31254
6774,10171
23062,25358
20436,16071
8581,27135
12144,15741
12394,978
27813,28424
28970,5252
11420,4389
25131,20222
17116,232
20985,2444
21403,3368
10560,29058
31508,23815
27544,5514
1218,17838
30873,21654
1141,6686
16021,13285
22428,28416
14263,17473
24072,10466
22725,2725
14855,15088
22947,31972
15320,11165
1648,3956
14533,12208
246,13273
3255,27790
18787,4474
12860,16892
26128,14002
23579,9382
27287,13239
5030,8783
30712,29102
19249,20670
31827,1336
2990,22007
540,18311
404,2188
22267,14937
14397,22513
28210,17652
17535,14229
22126,30395
31122,15487
11629,21933
24869,6149
2404,29899
14932,348
26233,1413
21018,25293
2749,24009
14532,3290
9552,14936
5478,31819
29873,19875
21564,25315
4760,6331
6776,26886
3958,5130
9605,15588
27063,1706
21737,29467
31605,3901
29816,25071
5314,18066
17596,8063
9307,32128
11353,18859
14296,16832
17910,11401
3939,6706
3948,8699
13037,10724
2818,16996
15855,12423
32584,10150
14130,21553
6850,12967
25454,3898
5270,30768
21964,22866
6063,31272
22226,17417
17363,3754
1481,2506
15155,5420
9212,19103
14120,22250
29828,16938
6478,12915
29361,6294
23065,10723
27847,29915
23691,20533
1045,28961
18533,23010
19060,24596
21514,8518
9245,6109
12273,10726
8615,27428
16147,17828
13764,30267
7310,10824
14437,13788
23739,11030
20082,14036
21754,15161
11184,12677
2926,12229
8870,21459
2471,27930
13287,23985
3681,22533
30095,15954
491,5942
10614,16638
23770,24378
14137,31080
2434,28574
12100,26173
6837,32182
7442,28591
14575,18626
8500,17501
30855,17370
6192,559
12533,19480
24544,16214
9245,21871
32168,9736
27814,10014
26375,18816
1625,7744
17129,4059
3551,29229
30233,10388
28644,4907
6211,10451
23533,14711
27953,21620
32081,1377
22179,11846
20857,13956
28060,30102
3059,27460
7071,30873
4707,678
16922,6332
8422,1283
10391,11973
30512,7856
22361,26388
12763,28572
4072,3528
10515,32025
25149,9829
634,14560
21675,21492
28516,16968
18826,31576
11660,25897
29681,16367
26575,13835
22699,2230
15118,323
14203,12863
8179,3797
6483,20943
32369,10555
24471,10117
9812,16852
19946,10447
31413,8853
31939,27161
25821,17997
25969,4714
11127,22883
21081,4934
3950,11013
7164,19069
11336,21368
31932,19515
25165,5647
7690,24766
16203,32162
2115,26015
16246,22061
3694,14891
30915,2865
9285,23968
20863,2486
28682,31990
25369,16996
4156,29320
28009,11321
15621,6577
32689,14785
26092,25086
20432,1015
17084,3867
409,19200
29883,16655
8493,809
31547,6640
3675,8064
30609,24538
10550,26523
23760,3152
10751,27916
32472,5992
6469,15325
12569,6390
30110,5894
31476,17774
6909,15793
21642,7318
2225,18757
23973,10718
19566,22752
17359,23241
30816,15200
15011,8599
8955,6003
11751,19707
1152,11455
25699,7621
26780,5501
14012,24122
11395,12720
9128,18304
28513,30770
25622,30738
16759,16827
8689,3558
6812,26048
26799,4860
8480,9043
13459,17435
15046,25210
4374,16198
3897,30074
23820,30677
2807,5064
22031,14202
17784,31160
32506,13530
29162,25360
11500,13154
9419,20189
16712,16231
13469,10743
21092,21949
19786,1783
6617,2065
26994,10991
18263,30891
8297,9315
28801,11104
14379,18064
25306,32164
16456,25044
12926,12851
17636,24426
26005,27056
11848,9949
10519,25317
20692,31611
14499,7711
627,21116
9776,27621
32107,28039
25744,7637
4587,21777
18741,18966
7074,11280
18362,23530
3556,31288
3613,21193
22947,29618
15481,2027
6799,26000
27344,27492
24844,9075
2435,25471
30191,12211
20324,29531
7482,13300
4400,12069
2310,23141
31036,9384
1653,16630
146,5210
15151,3760
26403,5330
610,9116
7357,7410
2348,1933
2134,27192
11009,4569
19895,8432
16780,7451
5195,24262
20752,9595
3564,23062
32737,1832
32446,1622
18462,32592
6832,845
3584,467
6175,4195
9583,13532
11605,11932
15466,13739
6356,26475
18308,26252
2139,2320
935,7335
26582,21687
16930,30146
11981,16899
31978,11659
18522,17673
11484,25354
18518,15068
25822,24694
19263,2637
5458,30868
14569,20924
11839,20926
14631,30147
14410,16771
32467,15345
24106,26282
4265,8268
23660,16246
25168,22871
27906,10922
7776,6622
3508,26294
21690,29330
18220,8186
31968,23679
6286,13769
11835,18126
1927,26467
15505,16337
10470,15205
31683,1808
8719,3180
10076,32379
19426,2476
22482,14564
13398,30258
21186,16907
23785,10109
13469,9237
18295,12669
148,24581
26439,11984
9939,28366
5683,25445
11936,16153
7882,10851
17961,16601
14031,28037
16212,689
30514,5927
15254,11144
3417,3672
28051,27202
13781,8753
3672,32076
21422,3820
23890,15093
15804,1061
10692,21487
26506,22628
4872,1620
711,22833
18221,14742
18103,1666
15431,15849
7593,30685
26993,11010
1590,22277
5445,15371
31030,9117
14680,19684
12937,5802
2010,28742
6863,12702
17461,602
2562,22334
2222,3273
12399,20444
18015,30502
22110,678
13583,29703
31364,7809
7945,186
30086,13390
15557,28348
22507,30237
15264,2677
3271,17274
31419,10135
29976,16112
10737,32538
5678,12959
3043,18078
635,21058
15812,22745
21737,29396
19680,20333
4437,27626
20519,1755
8248,3308
30103,30756
778,12599
665,4049
29874,32084
14184,27082
15428,24921
26853,21107
5113,29896
6417,5748
18187,22229
28494,7156
18857,15406
27489,23294
10264,15240
25049,18513
18548,22384
16501,19326
2216,17166
23376,32090
16482,4792
